0 0
0 3
0 8
0 12
0 15
0 20
0 21
0 23
0 24
0 25
0 26
0 28
0 31
0 40
0 42
0 50
1 1
1 26
2 2
3 0
3 3
3 25
3 40
4 4
4 25
4 37
5 5
6 6
7 7
8 0
8 8
8 25
8 52
9 9
10 10
10 20
10 21
10 25
10 40
11 11
11 25
11 40
12 0
12 12
12 13
12 14
12 15
12 20
12 21
12 24
12 25
12 30
12 33
12 38
12 40
13 12
13 13
13 14
13 20
13 21
13 24
13 25
13 40
14 12
14 13
14 14
14 21
14 24
14 25
14 28
14 42
15 0
15 12
15 15
15 20
15 21
15 24
15 26
15 52
16 16
17 17
18 18
19 19
20 0
20 10
20 12
20 13
20 15
20 20
20 21
20 25
20 26
20 27
20 37
20 38
20 40
20 42
20 50
20 52
21 0
21 10
21 12
21 13
21 14
21 15
21 20
21 21
21 23
21 25
21 26
21 27
21 36
21 38
21 40
21 42
21 52
22 22
23 0
23 21
23 23
23 25
23 26
23 40
23 52
24 0
24 12
24 13
24 14
24 15
24 24
24 25
24 40
24 50
25 0
25 3
25 4
25 8
25 10
25 11
25 12
25 13
25 14
25 20
25 21
25 23
25 24
25 25
25 26
25 28
25 31
25 35
25 36
25 37
25 38
25 39
25 40
25 42
25 50
25 52
26 0
26 1
26 15
26 20
26 21
26 23
26 25
26 26
26 37
26 40
26 42
26 52
27 20
27 21
27 27
28 0
28 14
28 25
28 28
28 40
28 42
28 52
29 29
29 52
30 12
30 30
30 33
31 0
31 25
31 31
31 45
32 32
33 12
33 30
33 33
34 34
35 25
35 35
36 21
36 25
36 36
36 38
36 40
36 52
37 4
37 20
37 25
37 26
37 37
38 12
38 20
38 21
38 25
38 36
38 38
38 40
39 25
39 39
40 0
40 3
40 10
40 11
40 12
40 13
40 20
40 21
40 23
40 24
40 25
40 26
40 28
40 36
40 38
40 40
40 41
40 42
40 52
41 40
41 41
42 0
42 14
42 20
42 21
42 25
42 26
42 28
42 40
42 42
43 43
44 44
45 31
45 45
46 46
47 47
48 48
49 49
50 0
50 20
50 24
50 25
50 50
51 51
52 8
52 15
52 20
52 21
52 23
52 25
52 26
52 28
52 29
52 36
52 40
52 52
53 53
54 54
