[20199.496, 38997.676, 23040.562, 9706.853, 856.59503, 1638.5854, 23940.482, 9363.321, 9024.834]
[]
[88539.266]
[14189.266, 73338.04]
[37126.832, 43591.8, 45804.56]
[]
[23597.611]
[]
[80408.89]
[20867.47, 22717.678]
[77042.79, 77042.79]
[55767.336, 35103.22]
[1947.2526, 4711.2764]
[37118.645]
[86838.38]
[53802.027, 46339.023]
[26431.03]
[69737.57, 81927.61]
[9672.016, 27775.271]
[2023.7563, 1184.2302, 1421.4474, 1926.5548, 1809.5253, 1193.5072, 1757.0742, 867.6004]
[56760.336, 38428.055]
[43049.793, 28613.986, -5501.211, 50041.234]
[45576.965]
[30327.54, 43464.77]
[50770.645]
[65009.723, 74167.83]
[23050.564, 2004.51]
[24882.568, 8100.21, 28405.172, 21448.682]
[]
[]
[]
[60601.12]
[37723.082, 37650.41, 46862.41, 23870.324]
[9493.346, 108992.445]
[41118.42, 39840.527]
[]
[4188.494, 30509.54]
[]
[76633.96]
[49063.062, 34481.953, 17302.402]
[23716.102, 22375.633]
[51267.727]
[95681.03, 83105.4, 85185.7]
[77311.586, 113616.164]
[51389.258, 29974.982]
[6409.289, 403.84766, 372.73965, 80076.41, 426.6044, 67540.15, 67540.15]
[45347.48]
[44037.125]
[42950.05, 24400.145]
[3221.715, 7739.062, 5284.472, 6452.9844, 3221.715, 7739.062]
[95211.16]
[101529.086]
[78551.52]
[]
[77053.42]
[48332.94, 52342.49]
[5938.0303]
[31530.438]
[29740.035, 13577.345, 9780.912, 13159.876, 3465.8054, 3465.8054, 13159.876, -8144.836]
[47831.836]
[98775.266]
[49969.227]
[79747.76, 88574.914, 67096.836]
[69958.16, 26569.041, 57705.773]
[27580.826, 11326.519, 28384.979, 11517.298]
[99827.79]
[6390.2363, 1131.6443, 319.6424, 313.4746, 192.44974, 1173.8243, 180.63995, 6465.7954, 141.36464, 161.9962, 464.93228, 167.574, 124.97495, 479.3423, 74.54025, 322.81836, 131.71176, 147.64406, 680.3956]
[]
[30088.059, 9235.796, 4947.669]
[30599.092]
[27039.166, 22713.17, 74821.79]
[39017.516, 62474.957]
[48799.33]
[51920.242]
[51821.316]
[]
[57104.918]
[89037.61]
[40254.37, 50501.523, 71559.6]
[46729.83]
[17295.986, 12275.438]
[22344.422]
[30590.203, 15567.267, 14448.913, 5183.1836, 4167.3857]
[9894.68, 5993.165]
[28235.658]
[]
[74095.945, 81085.71]
[66386.945, 8053.5396, 2982.0364, 3130.0295, 26312.812, 7973.9194]
[56180.89]
[13318.39, 84649.8, 91103.26]
[]
[71724.555, 29978.951]
[20925.045]
[71606.81, 50172.98]
[44100.24, 54176.3, 3061.8481]
[73064.484, 88661.27, 3720.469]
[73039.914]
[28291.543, 10885.561]
[37211.535, 27599.16]
[31500.473, 35452.215]
[47251.56]
[103685.54, 850.4071]
[25696.121, 23029.637, 9828.939, 1340.9941]
[18376.666, 14337.408, 11488.859, 13481.467, 12124.83, 13422.88, 14414.596]
[8060.4883, 12637.027, 10390.99, 11249.003, 8061.1143, 13357.962, 318.39844]
[4860.693, 13166.226, 9650.816, 17021.018, 1409.4321, 9630.317, 648.9117, 677.61145, 6299.3228, 7659.401, 1847.2563, 473.45615, 1863.9846, 481.80426]
[55385.4, 26121.096, 2606.2844, 4601.924]
[24893.912, 25716.459, 10300.221, 13860.651, 21546.367, 23330.697, 2476.7268]
[19356.027, 10979.514, 12697.044]
[8961.546, 9042.714]
[85390.32]
[10533.225, 17319.58, 12761.377, 15469.782]
[83980.92, 46914.195]
[21345.748, 13325.253, 23059.295, 131.67773]
[64672.23, 21058.367, 14047.476]
[54883.01, 987.66034]
[65484.47, 26758.955]
[39471.906]
[]
[22067.936, 28494.701, 21734.738]
[19299.71, 17288.672, 17210.309]
[7669.4707]
[45907.04]
[26524.348, 25770.531, 22910.709, 11781.544, 285.4317]
[30433.158, 24889.793, 38087.953]
[40639.99, 38797.24]
[26353.2, 18910.115, 22354.074]
[11955.426, 44206.477, 201.17754]
[5982.578, 3789.3784, 2664.1926, 4340.159, 3437.406, 3548.039, 368.09845]
[13685.881, 15718.059]
[32216.744]
[15055.008]
[8018.515, 17481.197, 6850.3823, 5271.498, 8713.881, 2580.4253, 1754.386]
[39788.758, 658.7341, 81275.945, 799.72797, 789.53937, 614.6408, 742.57434, 777.72076, 1037.0375, 857.19324, 577.3451, 646.7132, 635.6328, 853.6486, 584.96356, 602.891, 438.71027, 473.3683, 467.55365, 499.75052]
[72225.336]
[12165.014, 17351.066, 12196.253, 17351.066]
[63089.285]
[24942.844, 11846.383, 26667.242]
[78751.64]
[15608.943, 18803.89]
[14586.12, 6118.66, 18412.299, 13171.574, 19052.814, 7425.909, 1278.8768]
[87058.44]
[40823.59, 4309.8, 27245.21]
[87472.18]
[11394.357, 15584.335]
[56225.6, 18172.326]
[8546.377, 27706.107]
[580.8151, 149.6771, 429.0259]
[35693.86, 22080.559, 26551.096]
[41904.57, 27982.03]
[14883.762, 26840.365, 22942.773]
[91762.836]
[32229.777]
[38861.727, 25925.564, 3625.4006]
[28209.74]
[10324.327, 12806.918]
[33681.074, 34732.99, 32190.621]
[12409.261, 6123.3535, 5259.6255, 5794.018, 5511.674]
[36157.34, 1307.9252]
[19949.004, 11620.1875, 21891.348]
[40532.133]
[67831.26]
[22528.691, 34650.31, 13469.077, 3134.7021]
[52409.586]
[8474.513, 4742.1626, 4280.683, 4217.0645, 3985.5193, 5607.9966, 3016.137, 4326.996, 4560.2515, 3088.1426, 4101.3994, 5268.861, 11064.253, 2646.38, 4137.0244, 4827.3, 5004.5054, 5704.0796, 2232.2886]
[14296.805, 2008.9875, 2096.9631, 799.04706, 3085.2256, 3085.2256]
[52010.13, 1652.0924, 3938.8599]
[2219.1003, 1942.8512, 1959.0001, 2313.5535, 2332.4739, 2147.309, 4637.3906]
[22024.654, 51784.945, 7943.115]
[77220.836]
[74640.5, 4394.8545]
[13064.741, 16080.541]
[40491.535, 44902.875, 21186.377, 23838.791, 3607.5469]
[67933.86, 47907.14]
[43298.227]
[2779.902, 661.18475, 816.3578, 686.9716, 763.2681]
[8785.301, 18438.844, 19400.592, 13861.97, 10025.339, 9473.403, 14094.0205, 10713.3545, 9980.691]
[42869.004, 32828.348]
[79435.016]
[24651.277, 9062.328, 586.2494]
[11432.208, 12921.177, 13471.386]
[27784.254, 16051.05, 20820.8, 8676.965]
[11094.618]
[42787.484, 8982.452, 8471.194]
[49891.855, 30310.293]
[24984.791, 11266.87, 13689.238, 2031.6042, 1363.5131]
[32390.988, 1304.747]
[38205.156, 29115.996, 2830.2466, 27843.406, 592.451, 919.8908, 654.6596, 632.38605, 1375.7983, 667.8165, 1263.646, 399.26688, 1251.5513, 2117.1409, 439.19754, 1105.8148, 630.3428, 502.77164, 1224.9154, 689.5566, 650.1799, 1342.449, 587.63196]
[34350.71]
[50546.066, 8057.878, 7632.6147]
[77741.56]
[4899.72, 5213.0728, 4699.726, 2112.926, 5049.4497, 1890.8306, 1689.775, 1659.0066, 25301.467]
[13954.632, 18658.842, 18942.375]
[25053.592, 24260.307, 19058.727]
[28068.498, 26026.357, 20505.021, 2022.5784]
[47044.47]
[32900.676]
[53477.777, 71037.88, 3805.4954]
[18027.658, 21184.492, 21364.14]
[25740.793, 27680.127, 30446.018, 6988.967]
[35098.445, 52203.234]
[38774.766, 31390.365, 3099.0208]
[14613.648, 29911.295]
[45684.07, 27513.47, 836.91003, 13230.701, 11110.544, 12748.353, 6455.412]
[24325.752, 27393.418, 4216.9155, 2618.314, 589.7143, 997.1644, 12548.744]
[37259.707, 3907.4998]
[47568.445, 904.11993, 3312.6226]
[]
[102589.195]
[9903.454, 12701.612, 8838.377, 17288.684, 1719.9144, 698.1583, 1100.1265, 605.9355, 777.16614, 1249.777, 11650.77]
[49628.06, 2014.2083]
[69330.32, 1876.3252]
[38754.043, 15219.06, 59093.46, 7149.5845]
[7487.1675]
[104872.95]
[18864.293]
[9654.428, 23695.78, 665.2952, 694.2418, 618.37286, 646.5137]
[]
[]
[23906.605, 23402.09]
[51716.65, 8805.739, 4146.3755]
[104496.984]
[97640.8, 21427.97]
[64621.113, 35852.2, 31198.77]
[21304.04, 31159.873]
[62766.926, 27921.77]
[29705.293, 10794.545, 19428.656, 1763.4352, 521.3579, 1001.3188, 3602.273, 1268.118, 13305.406, 3108.351]
[17143.992, 29644.117]
[67262.555, 20177.684]
[11625.106]
[]
[78594.37, 19365.01, 4012.2517]
[25431.324, 2790.9954, 8884.052, 20426.188, 3379.6777, 1344.0942, 1085.2906, 2068.5923, 256.61743, 1167.4814, 3402.6099, 2580.5913, 1020.35425, 11150.615, 1336.6862, 720.13727]
[67618.266, 19404.656, 2337.2576, 2207.1394, 6716.037]
[97742.14]
[41752.86, 45157.6, 47261.97]
[32210.361, 24682.627, 2624.74, 8220.426]
[32618.525]
[]
[14406.884, 12282.434, 18452.648]
[11823.486, 50858.81]
[18504.473, 18504.473]
[]
[30300.154, 32622.6, 26923.494, 10848.143]
[50620.562, 22071.291, 13316.883, 13316.883, 22560.676]
[39914.246, 22889.969, 34549.645]
[8451.43, 89780.85]
[21497.244, 20741.385, 72692.18]
[44719.99, 16726.049]
[3217.187, 10956.755, 13798.087, 15742.616, 15016.048, 955.17975, 15742.616, 49953.29]
[64064.336]
[47411.137, 46809.24, 29922.12]
[8080.7827, 1008.84424, 8989.252, 3955.4521, 5901.0117, 390.4769, 446.61792, 9092.021]
[45117.297, 25868.373, 35168.707, 13828.9375, 1678.7526, 21143.729]
[106.5742]
[103644.88]
[77309.59, 3381.0806]
[6693.4297, 8146.1533, 57732.555]
[89907.26]
[59519.5, 21373.006, 3458.4546]
[27343.475, 4617.7476, 2176.2288]
[14561.379, 57815.582]
[8718.845, 19070.299, 26209.092]
[37438.836, 80484.38, 30205.365, 3212.0063]
[]
[]
[25183.797]
[29227.443, 61064.11, 61064.11]
[86676.05, 86676.05]
[]
[12322.444, 30461.219, 14597.859]
[67664.125, 13401.787, 13370.292]
[1920.4265, 78297.336]
[41682.914, 428.16858, 624.0311]
[23570.074, 1027.7561, 14871.117, 977.6504, 464.47247]
[]
[11413.93]
[29667.988, 10914.933]
[38502.992, 2180.5242, 700.6507]
[72764.21, 10877.641, 14691.895]
[43762.734]
[53965.035, 5742.688, 8830.163, 5574.372]
[93063.59, 38287.6]
[23819.947]
[38331.18, 36161.76, 98902.07]
[35285.793]
[4672.498]
[72164.42, 5092.5566, 32350.006, 47479.043]
[71096.39, 38762.066, 22901.213, 25080.076]
[79463.85, 2015.0425, 1427.9866]
[25225.633, 28431.307, 1861.3628, 1929.494, 2563.5547, 4825.9204, 514.5937, 4184.549, 514.5937, 2321.84, 18838.61, 17460.162]
[8169.4185, 14959.843, 14959.843]
[101951.66]
[49048.277, 12597.084, 68617.63]
[25883.322, 1068.8458, 201.88947, 394.61148, 246.78148]
[38096.336, 7189.093, 131.2089, 7189.093]
[33842.727, 1767.2509, 2855.0352, 374.56784, 448.3319, 2583.1545, 2092.4502, 3361.0278, 1168.3601, 39429.566]
[44253.74, 25953.568, 19948.586, 220.02623, 22654.168]
[24566.35, 3104.5862]
[78656.57, 2479.3633]
