[ 0  0  0  0  0  0  0 16 26]
[]
[15]
[ 0 15]
[ 0 15 57]
[]
[15]
[]
[15]
[0 0]
[15 22]
[0 0]
[14 21]
[15]
[16]
[ 0 15]
[0]
[ 0 15]
[ 0 36]
[0 0 0 0 0 0 0 0]
[ 0 16]
[ 0  0  0 15]
[15]
[0 0]
[16]
[16 21]
[ 8 16]
[ 0 15 16 16]
[]
[]
[]
[16]
[15 15 15 16]
[ 0 15]
[15 15]
[]
[15 16]
[]
[15]
[ 0  0 16]
[15 15]
[15]
[ 0 56 57]
[16 57]
[ 0 16]
[ 0  0  0  0  0 15 16]
[15]
[19]
[16 57]
[16 16 16 19 19 19]
[0]
[15]
[16]
[]
[16]
[ 0 16]
[73]
[46]
[ 0  0 15 15 15 16 16 59]
[15]
[16]
[15]
[ 0 16 57]
[ 0 15 59]
[ 0  7 16 16]
[14]
[ 0  0  0  0  0  0  0  0  0  0  0  0  0  0  0  0  0  0 24]
[]
[ 0  0 14]
[0]
[ 0  0 16]
[ 0 15]
[16]
[16]
[16]
[]
[15]
[15]
[15 15 56]
[16]
[14 15]
[16]
[14 14 14 14 14]
[0 0]
[15]
[]
[21 59]
[15 41 56 56 60 75]
[16]
[ 0  0 16]
[]
[15 56]
[15]
[ 0 13]
[ 0 15 67]
[ 0 16 27]
[15]
[15 15]
[ 0 16]
[ 0 16]
[0]
[ 0 67]
[ 0  0  0 27]
[0 0 0 0 0 0 0]
[ 0  0  0  0  0  0 27]
[ 0  0  0  0  0  0  0  0  0  0  0  0  0 26]
[ 0  0 38 79]
[ 0  0  0  0  0 17 24]
[0 0 0]
[0 0]
[0]
[ 0  0  0 16]
[0 0]
[ 0  0  0 67]
[ 0 56 56]
[ 0 58]
[0 0]
[0]
[]
[0 0 0]
[0 0 0]
[0]
[0]
[ 0  0  0  0 27]
[0 0 0]
[0 0]
[0 0 0]
[0 0 8]
[ 0  0  0  0  0  0 67]
[0 0]
[0]
[0]
[0 0 0 0 0 0 0]
[0 0 0 0 0 0 0 0 0 0 0 0 0 0 0 0 0 0 0 0]
[0]
[ 0  0  0 77]
[0]
[ 0  0 37]
[0]
[0 0]
[ 0  0  0  0  0  0 27]
[0]
[0 0 0]
[0]
[0 0]
[ 0 16]
[0 0]
[0 0 0]
[0 0 0]
[0 0]
[0 0 0]
[0]
[0]
[ 0  0 62]
[0]
[0 0]
[0 0 0]
[ 0 56 77 77 77]
[ 0 29]
[ 0 56 56]
[0]
[0]
[ 0  0  0 26]
[0]
[ 0  0  0  0  0  0  0  0  0  0  0  0  0  0  0  0  0  0 16]
[ 0  0  0  0 13 60]
[ 0 27 62]
[0 0 0 0 0 0 0]
[ 0  0 79]
[0]
[0 0]
[0 0]
[0 0 0 0 0]
[0 0]
[0]
[0 0 0 0 0]
[0 0 0 0 0 0 0 0 0]
[0 0]
[0]
[0 0 0]
[0 0 0]
[ 0  0  0 56]
[0]
[ 0 13 56]
[0 0]
[ 0  0  0 56 56]
[ 0 38]
[ 0  0 40 57 73 73 73 73 73 73 73 73 73 73 73 73 73 73 73 73 73 73 73]
[0]
[0 0 0]
[0]
[ 0  0  0  0  0  0  0  0 17]
[0 0 0]
[0 0 0]
[ 0  0  0 25]
[0]
[0]
[ 0 13 25]
[0 0 0]
[ 0  0  0 12]
[ 0 75]
[ 0  0 73]
[55 55]
[ 0  0 44 45 45 48 58]
[ 0  0 39 41 44 45 60]
[ 0 76]
[ 0 41 46]
[]
[0]
[ 0  0  0  0  0 45 45 45 45 45 60]
[ 0 45]
[ 0 49]
[ 0  0 60 67]
[56]
[55]
[48]
[ 0  0 39 39 39 39]
[]
[]
[0 0]
[ 0 42 42]
[6]
[ 0 55]
[ 0 53 60]
[48 48]
[ 0 29]
[ 0  0  0  0  0  0  0  0 55 60]
[ 0 41]
[0 0]
[0]
[]
[ 0  0 47]
[ 0  0  0  0 41 41 45 45 45 45 45 45 45 45 45 45]
[0 0 0 0 0]
[61]
[ 0  0 57]
[ 0  0 44 45]
[54]
[]
[52 52 52]
[ 0 45]
[14 40]
[]
[0 0 0 0]
[ 0  0 53 54 60]
[ 0 45 48]
[45 71]
[ 0  0 19]
[ 0 45]
[ 0 45 45 45 45 50 53 60]
[0]
[ 0  0 77]
[ 0 43 45 45 45 52 52 55]
[ 0  0  0  0 41 60]
[9]
[48]
[0 2]
[ 0 43 55]
[0]
[ 0 16 45]
[ 0 45 55]
[49 54]
[ 0  0 39]
[ 0  0 45 50]
[]
[]
[40]
[ 0  0 55]
[55 69]
[]
[48 48 48]
[16 55 60]
[51 60]
[ 0 55 55]
[ 0 45 53 56 56]
[]
[45]
[ 0 67]
[ 0 45 45]
[ 0  0 11]
[0]
[ 0 52 52 52]
[ 0 49]
[0]
[ 0 45 60]
[48]
[49]
[ 0 42 45 60]
[ 0  0 53 60]
[ 0 45 45]
[ 0  0 41 41 41 45 53 54 54 56 60 60]
[ 0 48 53]
[0]
[55 60 60]
[ 0 45 54 54 54]
[ 0 39 41 78]
[ 0 39 39 41 42 45 56 56 56 60]
[45 45 45 50 60]
[0 0]
[ 0 55]
