[0.96, 0.77, 0.56, 0.34, 0.33, 0.31, 0.31, 0.55, 0.42]
[]
[0.61]
[0.46, 0.91]
[0.67, 0.95, 0.61]
[]
[0.85]
[]
[0.91]
[1.0, 1.0]
[0.44, 0.68]
[0.95, 0.46]
[0.69, 0.99]
[0.98]
[0.59]
[0.5, 1.0]
[0.95]
[0.32, 0.96]
[0.63, 0.61]
[0.99, 0.98, 0.91, 0.91, 0.77, 0.63, 0.54, 0.44]
[0.64, 0.74]
[0.95, 0.68, 0.41, 0.98]
[1.0]
[0.98, 0.9]
[0.99]
[0.62, 0.4]
[0.99, 0.87]
[0.66, 0.37, 0.86, 0.7]
[]
[]
[]
[0.88]
[0.81, 0.69, 0.33, 0.48]
[0.97, 0.97]
[0.99, 0.99]
[]
[0.94, 1.0]
[]
[0.97]
[1.0, 0.95, 0.43]
[0.99, 0.96]
[0.99]
[0.5, 0.36, 0.38]
[0.97, 0.31]
[0.99, 1.0]
[0.71, 0.61, 0.55, 0.45, 0.45, 0.55, 0.61]
[0.99]
[0.94]
[0.93, 0.71]
[0.68, 0.51, 0.33, 0.96, 0.55, 0.5]
[1.0]
[0.99]
[0.82]
[]
[0.82]
[0.99, 1.0]
[0.36]
[0.57]
[0.71, 0.3, 0.99, 0.73, 0.44, 0.34, 0.33, 0.95]
[1.0]
[0.97]
[0.95]
[0.51, 0.95, 0.43]
[0.66, 0.99, 0.45]
[0.98, 0.41, 0.95, 0.92]
[1.0]
[0.98, 0.89, 0.84, 0.75, 0.67, 0.63, 0.61, 0.6, 0.56, 0.56, 0.47, 0.42, 0.36, 0.35, 0.34, 0.34, 0.33, 0.31, 0.67]
[]
[1.0, 0.9, 0.8]
[0.98]
[0.97, 0.34, 0.97]
[0.92, 0.62]
[0.91]
[0.91]
[0.97]
[]
[0.98]
[0.99]
[1.0, 1.0, 0.53]
[0.9]
[1.0, 0.84]
[0.41]
[1.0, 1.0, 0.98, 0.91, 0.74]
[0.94, 0.48]
[1.0]
[]
[0.95, 0.76]
[1.0, 0.92, 0.53, 0.38, 0.73, 0.33]
[0.99]
[0.85, 0.34, 0.32]
[]
[0.99, 0.47]
[0.96]
[1.0, 0.68]
[0.54, 0.96, 0.5]
[0.71, 0.92, 0.46]
[0.98]
[1.0, 0.95]
[1.0, 0.98]
[0.65, 0.96]
[1.0]
[1.0, 0.44]
[0.99, 0.94, 0.93, 0.71]
[1.0, 1.0, 1.0, 0.99, 0.99, 0.98, 0.96]
[1.0, 1.0, 1.0, 1.0, 0.99, 0.98, 0.85]
[1.0, 0.99, 0.96, 0.95, 0.91, 0.81, 0.78, 0.77, 0.73, 0.71, 0.63, 0.63, 0.59, 0.33]
[1.0, 0.99, 0.6, 0.36]
[1.0, 0.99, 0.96, 0.74, 0.71, 0.41, 0.61]
[1.0, 1.0, 1.0]
[1.0, 0.99]
[0.99]
[1.0, 0.99, 0.97, 0.65]
[0.99, 0.32]
[1.0, 1.0, 1.0, 0.51]
[1.0, 0.69, 0.35]
[1.0, 0.5]
[0.98, 0.76]
[1.0]
[]
[1.0, 1.0, 0.99]
[1.0, 1.0, 0.99]
[0.49]
[1.0]
[0.99, 0.98, 0.54, 0.36, 0.37]
[1.0, 1.0, 0.99]
[0.99, 0.9]
[1.0, 1.0, 1.0]
[1.0, 1.0, 0.45]
[0.96, 0.86, 0.67, 0.65, 0.51, 0.33, 0.49]
[1.0, 1.0]
[0.87]
[1.0]
[1.0, 1.0, 1.0, 0.99, 0.98, 0.95, 0.81]
[0.97, 0.84, 0.83, 0.76, 0.59, 0.57, 0.53, 0.51, 0.51, 0.5, 0.49, 0.48, 0.45, 0.45, 0.44, 0.42, 0.41, 0.37, 0.33, 0.31]
[1.0]
[0.87, 0.7, 0.52, 0.47]
[1.0]
[0.9, 0.34, 0.48]
[1.0]
[1.0, 0.99]
[0.98, 0.95, 0.88, 0.85, 0.64, 0.52, 0.44]
[1.0]
[0.9, 0.86, 0.45]
[1.0]
[1.0, 1.0]
[1.0, 0.33]
[1.0, 1.0]
[0.53, 0.35, 0.33]
[1.0, 1.0, 1.0]
[0.99, 0.94]
[1.0, 1.0, 0.99]
[1.0]
[0.99]
[1.0, 1.0, 0.76]
[1.0]
[0.95, 0.81]
[1.0, 1.0, 0.99]
[0.41, 0.33, 0.89, 0.65, 0.38]
[1.0, 0.99]
[1.0, 0.85, 0.6]
[0.98]
[1.0]
[0.99, 0.99, 0.99, 0.37]
[1.0]
[0.98, 0.97, 0.97, 0.97, 0.97, 0.96, 0.96, 0.95, 0.92, 0.8, 0.75, 0.73, 0.56, 0.56, 0.52, 0.45, 0.36, 0.35, 0.62]
[0.99, 0.98, 0.75, 0.45, 0.31, 0.35]
[1.0, 0.67, 0.61]
[0.97, 0.94, 0.92, 0.91, 0.88, 0.86, 0.84]
[1.0, 0.99, 0.58]
[0.99]
[1.0, 0.33]
[1.0, 0.93]
[0.98, 0.92, 0.75, 0.37, 0.31]
[1.0, 0.59]
[1.0]
[0.83, 0.78, 0.52, 0.49, 0.41]
[0.99, 0.99, 0.98, 0.97, 0.97, 0.96, 0.95, 0.89, 0.5]
[1.0, 0.99]
[1.0]
[1.0, 0.99, 0.38]
[1.0, 0.97, 0.83]
[1.0, 0.99, 0.99, 0.48]
[1.0]
[1.0, 0.39, 0.58]
[0.99, 0.99]
[0.99, 0.99, 0.98, 0.42, 0.36]
[0.7, 0.88]
[1.0, 0.94, 0.97, 0.59, 0.6, 0.57, 0.57, 0.56, 0.52, 0.51, 0.47, 0.43, 0.41, 0.4, 0.4, 0.38, 0.38, 0.37, 0.36, 0.34, 0.33, 0.33, 0.31]
[0.98]
[1.0, 0.79, 0.72]
[0.96]
[1.0, 0.98, 0.9, 0.66, 0.63, 0.59, 0.58, 0.45, 0.38]
[0.99, 0.97, 0.95]
[1.0, 1.0, 0.99]
[1.0, 1.0, 0.99, 0.62]
[0.98]
[0.92]
[1.0, 0.91, 0.97]
[1.0, 1.0, 1.0]
[0.99, 0.94, 0.93, 0.66]
[1.0, 0.61]
[1.0, 0.98, 0.65]
[1.0, 0.89]
[0.98, 0.94, 0.7, 0.95, 0.65, 0.4, 0.43]
[0.99, 0.97, 0.49, 0.76, 0.65, 0.39, 0.55]
[1.0, 0.83]
[0.92, 0.59, 0.53]
[]
[1.0]
[1.0, 1.0, 0.98, 0.97, 0.4, 0.9, 0.9, 0.75, 0.64, 0.35, 0.54]
[0.99, 0.93]
[0.99, 0.42]
[0.81, 0.7, 0.34, 0.54]
[0.44]
[0.71]
[0.38]
[0.73, 0.56, 0.83, 0.81, 0.68, 0.43]
[]
[]
[1.0, 0.99]
[1.0, 0.83, 0.44]
[0.68]
[0.99, 0.74]
[1.0, 0.88, 0.64]
[0.41, 0.39]
[1.0, 0.46]
[1.0, 0.96, 0.94, 0.82, 0.67, 0.43, 0.31, 0.31, 0.46, 0.31]
[0.34, 0.95]
[0.97, 0.7]
[0.92]
[]
[0.52, 0.38, 0.65]
[1.0, 0.94, 0.68, 0.37, 0.95, 0.92, 0.86, 0.85, 0.6, 0.58, 0.35, 0.35, 0.33, 0.32, 0.32, 0.31]
[0.99, 0.99, 0.92, 0.48, 0.31]
[0.35]
[0.99, 0.98, 0.39]
[1.0, 1.0, 0.34, 0.94]
[0.33]
[]
[0.51, 0.42, 0.31]
[0.99, 0.78]
[0.54, 0.66]
[]
[1.0, 1.0, 0.99, 0.65]
[1.0, 0.96, 0.54, 0.35, 0.42]
[0.97, 0.43, 0.38]
[0.41, 0.94]
[1.0, 0.99, 0.93]
[1.0, 0.96]
[0.52, 0.91, 0.8, 0.51, 0.34, 0.31, 0.55, 0.45]
[1.0]
[1.0, 0.99, 1.0]
[0.92, 0.31, 0.79, 0.62, 0.3, 0.45, 0.34, 0.47]
[1.0, 0.98, 0.97, 0.58, 1.0, 0.9]
[0.55]
[0.59]
[1.0, 0.45]
[0.87, 0.94, 0.32]
[0.93]
[1.0, 0.88, 0.85]
[0.99, 0.65, 0.37]
[0.88, 0.41]
[0.52, 0.38, 0.77]
[0.87, 0.57, 0.38, 0.36]
[]
[]
[0.99]
[0.93, 0.86, 0.32]
[0.38, 0.38]
[]
[0.99, 0.97, 0.93]
[0.5, 0.92, 0.33]
[0.41, 0.82]
[0.96, 0.51, 0.34]
[1.0, 0.72, 0.6, 0.43, 0.35]
[]
[0.6]
[0.83, 0.36]
[0.97, 0.53, 0.45]
[1.0, 0.53, 0.6]
[1.0]
[0.99, 0.94, 0.68, 0.67]
[0.99, 0.64]
[0.42]
[1.0, 0.33, 0.48]
[0.99]
[0.39]
[1.0, 0.38, 0.41, 0.84]
[0.99, 0.89, 0.95, 0.36]
[0.99, 0.73, 0.51]
[1.0, 1.0, 0.9, 0.76, 0.54, 0.37, 0.53, 0.57, 0.47, 0.35, 0.47, 0.41]
[0.57, 0.42, 0.4]
[1.0]
[0.8, 0.63, 0.43]
[0.99, 0.62, 0.36, 0.34, 0.33]
[1.0, 0.63, 0.3, 0.41]
[1.0, 0.98, 0.98, 0.34, 0.37, 0.78, 0.84, 0.36, 0.33, 0.92]
[0.96, 0.76, 0.35, 0.36, 0.8]
[0.99, 0.42]
[0.99, 0.56]
